Solucion 1
2  0  7  0  0  0  9  0  0  
0  0  0  0  1  0  4  7  2  
0  0  4  0  8  0  0  0  0  
0  6  0  9  0  0  0  1  0  
0  0  0  0  0  0  0  3  0  
0  9  0  6  0  3  0  0  0  
1  0  0  7  0  8  0  0  0  
7  0  0  0  0  6  0  0  0  
3  0  0  0  0  0  0  8  5  

Solucion 2
2  1  7  0  0  0  9  0  0  
0  0  0  0  1  0  4  7  2  
0  0  4  0  8  0  0  0  0  
0  6  0  9  0  0  0  1  0  
0  0  0  0  0  0  0  3  0  
0  9  0  6  0  3  0  0  0  
1  0  0  7  0  8  0  0  0  
7  0  0  0  0  6  0  0  0  
3  0  0  0  0  0  0  8  5  

Solucion 3
2  1  7  3  0  0  9  0  0  
0  0  0  0  1  0  4  7  2  
0  0  4  0  8  0  0  0  0  
0  6  0  9  0  0  0  1  0  
0  0  0  0  0  0  0  3  0  
0  9  0  6  0  3  0  0  0  
1  0  0  7  0  8  0  0  0  
7  0  0  0  0  6  0  0  0  
3  0  0  0  0  0  0  8  5  

Solucion 4
2  1  7  3  4  0  9  0  0  
0  0  0  0  1  0  4  7  2  
0  0  4  0  8  0  0  0  0  
0  6  0  9  0  0  0  1  0  
0  0  0  0  0  0  0  3  0  
0  9  0  6  0  3  0  0  0  
1  0  0  7  0  8  0  0  0  
7  0  0  0  0  6  0  0  0  
3  0  0  0  0  0  0  8  5  

Solucion 5
2  1  7  3  4  5  9  0  0  
0  0  0  0  1  0  4  7  2  
0  0  4  0  8  0  0  0  0  
0  6  0  9  0  0  0  1  0  
0  0  0  0  0  0  0  3  0  
0  9  0  6  0  3  0  0  0  
1  0  0  7  0  8  0  0  0  
7  0  0  0  0  6  0  0  0  
3  0  0  0  0  0  0  8  5  

Solucion 6
2  1  7  3  4  5  9  6  0  
0  0  0  0  1  0  4  7  2  
0  0  4  0  8  0  0  0  0  
0  6  0  9  0  0  0  1  0  
0  0  0  0  0  0  0  3  0  
0  9  0  6  0  3  0  0  0  
1  0  0  7  0  8  0  0  0  
7  0  0  0  0  6  0  0  0  
3  0  0  0  0  0  0  8  5  

Solucion 7
2  1  7  3  4  5  9  6  8  
0  0  0  0  1  0  4  7  2  
0  0  4  0  8  0  0  0  0  
0  6  0  9  0  0  0  1  0  
0  0  0  0  0  0  0  3  0  
0  9  0  6  0  3  0  0  0  
1  0  0  7  0  8  0  0  0  
7  0  0  0  0  6  0  0  0  
3  0  0  0  0  0  0  8  5  

Solucion 8
2  1  7  3  4  5  9  6  8  
5  0  0  0  1  0  4  7  2  
0  0  4  0  8  0  0  0  0  
0  6  0  9  0  0  0  1  0  
0  0  0  0  0  0  0  3  0  
0  9  0  6  0  3  0  0  0  
1  0  0  7  0  8  0  0  0  
7  0  0  0  0  6  0  0  0  
3  0  0  0  0  0  0  8  5  

Solucion 9
2  1  7  3  4  5  9  6  8  
5  3  0  0  1  0  4  7  2  
0  0  4  0  8  0  0  0  0  
0  6  0  9  0  0  0  1  0  
0  0  0  0  0  0  0  3  0  
0  9  0  6  0  3  0  0  0  
1  0  0  7  0  8  0  0  0  
7  0  0  0  0  6  0  0  0  
3  0  0  0  0  0  0  8  5  

Solucion 10
2  1  7  3  4  5  9  6  8  
5  3  6  0  1  0  4  7  2  
0  0  4  0  8  0  0  0  0  
0  6  0  9  0  0  0  1  0  
0  0  0  0  0  0  0  3  0  
0  9  0  6  0  3  0  0  0  
1  0  0  7  0  8  0  0  0  
7  0  0  0  0  6  0  0  0  
3  0  0  0  0  0  0  8  5  

Solucion 11
2  1  7  3  4  5  9  6  8  
5  3  8  0  1  0  4  7  2  
0  0  4  0  8  0  0  0  0  
0  6  0  9  0  0  0  1  0  
0  0  0  0  0  0  0  3  0  
0  9  0  6  0  3  0  0  0  
1  0  0  7  0  8  0  0  0  
7  0  0  0  0  6  0  0  0  
3  0  0  0  0  0  0  8  5  

Solucion 12
2  1  7  3  4  5  9  6  8  
5  3  9  0  1  0  4  7  2  
0  0  4  0  8  0  0  0  0  
0  6  0  9  0  0  0  1  0  
0  0  0  0  0  0  0  3  0  
0  9  0  6  0  3  0  0  0  
1  0  0  7  0  8  0  0  0  
7  0  0  0  0  6  0  0  0  
3  0  0  0  0  0  0  8  5  

Solucion 13
2  1  7  3  4  5  9  6  8  
5  8  0  0  1  0  4  7  2  
0  0  4  0  8  0  0  0  0  
0  6  0  9  0  0  0  1  0  
0  0  0  0  0  0  0  3  0  
0  9  0  6  0  3  0  0  0  
1  0  0  7  0  8  0  0  0  
7  0  0  0  0  6  0  0  0  
3  0  0  0  0  0  0  8  5  

Solucion 14
2  1  7  3  4  5  9  6  8  
5  8  3  0  1  0  4  7  2  
0  0  4  0  8  0  0  0  0  
0  6  0  9  0  0  0  1  0  
0  0  0  0  0  0  0  3  0  
0  9  0  6  0  3  0  0  0  
1  0  0  7  0  8  0  0  0  
7  0  0  0  0  6  0  0  0  
3  0  0  0  0  0  0  8  5  

Solucion 15
2  1  7  3  4  5  9  6  8  
5  8  6  0  1  0  4  7  2  
0  0  4  0  8  0  0  0  0  
0  6  0  9  0  0  0  1  0  
0  0  0  0  0  0  0  3  0  
0  9  0  6  0  3  0  0  0  
1  0  0  7  0  8  0  0  0  
7  0  0  0  0  6  0  0  0  
3  0  0  0  0  0  0  8  5  

Solucion 16
2  1  7  3  4  5  9  6  8  
5  8  9  0  1  0  4  7  2  
0  0  4  0  8  0  0  0  0  
0  6  0  9  0  0  0  1  0  
0  0  0  0  0  0  0  3  0  
0  9  0  6  0  3  0  0  0  
1  0  0  7  0  8  0  0  0  
7  0  0  0  0  6  0  0  0  
3  0  0  0  0  0  0  8  5  

Solucion 17
2  1  7  3  4  5  9  6  8  
6  0  0  0  1  0  4  7  2  
0  0  4  0  8  0  0  0  0  
0  6  0  9  0  0  0  1  0  
0  0  0  0  0  0  0  3  0  
0  9  0  6  0  3  0  0  0  
1  0  0  7  0  8  0  0  0  
7  0  0  0  0  6  0  0  0  
3  0  0  0  0  0  0  8  5  

Solucion 18
2  1  7  3  4  5  9  6  8  
6  3  0  0  1  0  4  7  2  
0  0  4  0  8  0  0  0  0  
0  6  0  9  0  0  0  1  0  
0  0  0  0  0  0  0  3  0  
0  9  0  6  0  3  0  0  0  
1  0  0  7  0  8  0  0  0  
7  0  0  0  0  6  0  0  0  
3  0  0  0  0  0  0  8  5  

Solucion 19
2  1  7  3  4  5  9  6  8  
6  3  5  0  1  0  4  7  2  
0  0  4  0  8  0  0  0  0  
0  6  0  9  0  0  0  1  0  
0  0  0  0  0  0  0  3  0  
0  9  0  6  0  3  0  0  0  
1  0  0  7  0  8  0  0  0  
7  0  0  0  0  6  0  0  0  
3  0  0  0  0  0  0  8  5  

Solucion 20
2  1  7  3  4  5  9  6  8  
6  3  8  0  1  0  4  7  2  
0  0  4  0  8  0  0  0  0  
0  6  0  9  0  0  0  1  0  
0  0  0  0  0  0  0  3  0  
0  9  0  6  0  3  0  0  0  
1  0  0  7  0  8  0  0  0  
7  0  0  0  0  6  0  0  0  
3  0  0  0  0  0  0  8  5  

Solucion 21
2  1  7  3  4  5  9  6  8  
6  3  9  0  1  0  4  7  2  
0  0  4  0  8  0  0  0  0  
0  6  0  9  0  0  0  1  0  
0  0  0  0  0  0  0  3  0  
0  9  0  6  0  3  0  0  0  
1  0  0  7  0  8  0  0  0  
7  0  0  0  0  6  0  0  0  
3  0  0  0  0  0  0  8  5  

Solucion 22
2  1  7  3  4  5  9  6  8  
6  5  0  0  1  0  4  7  2  
0  0  4  0  8  0  0  0  0  
0  6  0  9  0  0  0  1  0  
0  0  0  0  0  0  0  3  0  
0  9  0  6  0  3  0  0  0  
1  0  0  7  0  8  0  0  0  
7  0  0  0  0  6  0  0  0  
3  0  0  0  0  0  0  8  5  

Solucion 23
2  1  7  3  4  5  9  6  8  
6  5  3  0  1  0  4  7  2  
0  0  4  0  8  0  0  0  0  
0  6  0  9  0  0  0  1  0  
0  0  0  0  0  0  0  3  0  
0  9  0  6  0  3  0  0  0  
1  0  0  7  0  8  0  0  0  
7  0  0  0  0  6  0  0  0  
3  0  0  0  0  0  0  8  5  

Solucion 24
2  1  7  3  4  5  9  6  8  
6  5  8  0  1  0  4  7  2  
0  0  4  0  8  0  0  0  0  
0  6  0  9  0  0  0  1  0  
0  0  0  0  0  0  0  3  0  
0  9  0  6  0  3  0  0  0  
1  0  0  7  0  8  0  0  0  
7  0  0  0  0  6  0  0  0  
3  0  0  0  0  0  0  8  5  

Solucion 25
2  1  7  3  4  5  9  6  8  
6  5  9  0  1  0  4  7  2  
0  0  4  0  8  0  0  0  0  
0  6  0  9  0  0  0  1  0  
0  0  0  0  0  0  0  3  0  
0  9  0  6  0  3  0  0  0  
1  0  0  7  0  8  0  0  0  
7  0  0  0  0  6  0  0  0  
3  0  0  0  0  0  0  8  5  

Solucion 26
2  1  7  3  4  5  9  6  8  
6  8  0  0  1  0  4  7  2  
0  0  4  0  8  0  0  0  0  
0  6  0  9  0  0  0  1  0  
0  0  0  0  0  0  0  3  0  
0  9  0  6  0  3  0  0  0  
1  0  0  7  0  8  0  0  0  
7  0  0  0  0  6  0  0  0  
3  0  0  0  0  0  0  8  5  

Solucion 27
2  1  7  3  4  5  9  6  8  
6  8  3  0  1  0  4  7  2  
0  0  4  0  8  0  0  0  0  
0  6  0  9  0  0  0  1  0  
0  0  0  0  0  0  0  3  0  
0  9  0  6  0  3  0  0  0  
1  0  0  7  0  8  0  0  0  
7  0  0  0  0  6  0  0  0  
3  0  0  0  0  0  0  8  5  

Solucion 28
2  1  7  3  4  5  9  6  8  
6  8  5  0  1  0  4  7  2  
0  0  4  0  8  0  0  0  0  
0  6  0  9  0  0  0  1  0  
0  0  0  0  0  0  0  3  0  
0  9  0  6  0  3  0  0  0  
1  0  0  7  0  8  0  0  0  
7  0  0  0  0  6  0  0  0  
3  0  0  0  0  0  0  8  5  

Solucion 29
2  1  7  3  4  5  9  6  8  
6  8  9  0  1  0  4  7  2  
0  0  4  0  8  0  0  0  0  
0  6  0  9  0  0  0  1  0  
0  0  0  0  0  0  0  3  0  
0  9  0  6  0  3  0  0  0  
1  0  0  7  0  8  0  0  0  
7  0  0  0  0  6  0  0  0  
3  0  0  0  0  0  0  8  5  

Solucion 30
2  1  7  3  4  5  9  6  8  
8  0  0  0  1  0  4  7  2  
0  0  4  0  8  0  0  0  0  
0  6  0  9  0  0  0  1  0  
0  0  0  0  0  0  0  3  0  
0  9  0  6  0  3  0  0  0  
1  0  0  7  0  8  0  0  0  
7  0  0  0  0  6  0  0  0  
3  0  0  0  0  0  0  8  5  

Solucion 31
2  1  7  3  4  5  9  6  8  
8  3  0  0  1  0  4  7  2  
0  0  4  0  8  0  0  0  0  
0  6  0  9  0  0  0  1  0  
0  0  0  0  0  0  0  3  0  
0  9  0  6  0  3  0  0  0  
1  0  0  7  0  8  0  0  0  
7  0  0  0  0  6  0  0  0  
3  0  0  0  0  0  0  8  5  

Solucion 32
2  1  7  3  4  5  9  6  8  
8  3  5  0  1  0  4  7  2  
0  0  4  0  8  0  0  0  0  
0  6  0  9  0  0  0  1  0  
0  0  0  0  0  0  0  3  0  
0  9  0  6  0  3  0  0  0  
1  0  0  7  0  8  0  0  0  
7  0  0  0  0  6  0  0  0  
3  0  0  0  0  0  0  8  5  

Solucion 33
2  1  7  3  4  5  9  6  8  
8  3  6  0  1  0  4  7  2  
0  0  4  0  8  0  0  0  0  
0  6  0  9  0  0  0  1  0  
0  0  0  0  0  0  0  3  0  
0  9  0  6  0  3  0  0  0  
1  0  0  7  0  8  0  0  0  
7  0  0  0  0  6  0  0  0  
3  0  0  0  0  0  0  8  5  

Solucion 34
2  1  7  3  4  5  9  6  8  
8  3  9  0  1  0  4  7  2  
0  0  4  0  8  0  0  0  0  
0  6  0  9  0  0  0  1  0  
0  0  0  0  0  0  0  3  0  
0  9  0  6  0  3  0  0  0  
1  0  0  7  0  8  0  0  0  
7  0  0  0  0  6  0  0  0  
3  0  0  0  0  0  0  8  5  

Solucion 35
2  1  7  3  4  5  9  6  8  
8  5  0  0  1  0  4  7  2  
0  0  4  0  8  0  0  0  0  
0  6  0  9  0  0  0  1  0  
0  0  0  0  0  0  0  3  0  
0  9  0  6  0  3  0  0  0  
1  0  0  7  0  8  0  0  0  
7  0  0  0  0  6  0  0  0  
3  0  0  0  0  0  0  8  5  

Solucion 36
2  1  7  3  4  5  9  6  8  
8  5  3  0  1  0  4  7  2  
0  0  4  0  8  0  0  0  0  
0  6  0  9  0  0  0  1  0  
0  0  0  0  0  0  0  3  0  
0  9  0  6  0  3  0  0  0  
1  0  0  7  0  8  0  0  0  
7  0  0  0  0  6  0  0  0  
3  0  0  0  0  0  0  8  5  

Solucion 37
2  1  7  3  4  5  9  6  8  
8  5  6  0  1  0  4  7  2  
0  0  4  0  8  0  0  0  0  
0  6  0  9  0  0  0  1  0  
0  0  0  0  0  0  0  3  0  
0  9  0  6  0  3  0  0  0  
1  0  0  7  0  8  0  0  0  
7  0  0  0  0  6  0  0  0  
3  0  0  0  0  0  0  8  5  

Solucion 38
2  1  7  3  4  5  9  6  8  
8  5  9  0  1  0  4  7  2  
0  0  4  0  8  0  0  0  0  
0  6  0  9  0  0  0  1  0  
0  0  0  0  0  0  0  3  0  
0  9  0  6  0  3  0  0  0  
1  0  0  7  0  8  0  0  0  
7  0  0  0  0  6  0  0  0  
3  0  0  0  0  0  0  8  5  

Solucion 39
2  1  7  3  4  5  9  6  8  
9  0  0  0  1  0  4  7  2  
0  0  4  0  8  0  0  0  0  
0  6  0  9  0  0  0  1  0  
0  0  0  0  0  0  0  3  0  
0  9  0  6  0  3  0  0  0  
1  0  0  7  0  8  0  0  0  
7  0  0  0  0  6  0  0  0  
3  0  0  0  0  0  0  8  5  

Solucion 40
2  1  7  3  4  5  9  6  8  
9  3  0  0  1  0  4  7  2  
0  0  4  0  8  0  0  0  0  
0  6  0  9  0  0  0  1  0  
0  0  0  0  0  0  0  3  0  
0  9  0  6  0  3  0  0  0  
1  0  0  7  0  8  0  0  0  
7  0  0  0  0  6  0  0  0  
3  0  0  0  0  0  0  8  5  

Solucion 41
2  1  7  3  4  5  9  6  8  
9  3  5  0  1  0  4  7  2  
0  0  4  0  8  0  0  0  0  
0  6  0  9  0  0  0  1  0  
0  0  0  0  0  0  0  3  0  
0  9  0  6  0  3  0  0  0  
1  0  0  7  0  8  0  0  0  
7  0  0  0  0  6  0  0  0  
3  0  0  0  0  0  0  8  5  

Solucion 42
2  1  7  3  4  5  9  6  8  
9  3  6  0  1  0  4  7  2  
0  0  4  0  8  0  0  0  0  
0  6  0  9  0  0  0  1  0  
0  0  0  0  0  0  0  3  0  
0  9  0  6  0  3  0  0  0  
1  0  0  7  0  8  0  0  0  
7  0  0  0  0  6  0  0  0  
3  0  0  0  0  0  0  8  5  

Solucion 43
2  1  7  3  4  5  9  6  8  
9  3  8  0  1  0  4  7  2  
0  0  4  0  8  0  0  0  0  
0  6  0  9  0  0  0  1  0  
0  0  0  0  0  0  0  3  0  
0  9  0  6  0  3  0  0  0  
1  0  0  7  0  8  0  0  0  
7  0  0  0  0  6  0  0  0  
3  0  0  0  0  0  0  8  5  

Solucion 44
2  1  7  3  4  5  9  6  8  
9  5  0  0  1  0  4  7  2  
0  0  4  0  8  0  0  0  0  
0  6  0  9  0  0  0  1  0  
0  0  0  0  0  0  0  3  0  
0  9  0  6  0  3  0  0  0  
1  0  0  7  0  8  0  0  0  
7  0  0  0  0  6  0  0  0  
3  0  0  0  0  0  0  8  5  

Solucion 45
2  1  7  3  4  5  9  6  8  
9  5  3  0  1  0  4  7  2  
0  0  4  0  8  0  0  0  0  
0  6  0  9  0  0  0  1  0  
0  0  0  0  0  0  0  3  0  
0  9  0  6  0  3  0  0  0  
1  0  0  7  0  8  0  0  0  
7  0  0  0  0  6  0  0  0  
3  0  0  0  0  0  0  8  5  

Solucion 46
2  1  7  3  4  5  9  6  8  
9  5  6  0  1  0  4  7  2  
0  0  4  0  8  0  0  0  0  
0  6  0  9  0  0  0  1  0  
0  0  0  0  0  0  0  3  0  
0  9  0  6  0  3  0  0  0  
1  0  0  7  0  8  0  0  0  
7  0  0  0  0  6  0  0  0  
3  0  0  0  0  0  0  8  5  

Solucion 47
2  1  7  3  4  5  9  6  8  
9  5  8  0  1  0  4  7  2  
0  0  4  0  8  0  0  0  0  
0  6  0  9  0  0  0  1  0  
0  0  0  0  0  0  0  3  0  
0  9  0  6  0  3  0  0  0  
1  0  0  7  0  8  0  0  0  
7  0  0  0  0  6  0  0  0  
3  0  0  0  0  0  0  8  5  

Solucion 48
2  1  7  3  4  5  9  6  8  
9  8  0  0  1  0  4  7  2  
0  0  4  0  8  0  0  0  0  
0  6  0  9  0  0  0  1  0  
0  0  0  0  0  0  0  3  0  
0  9  0  6  0  3  0  0  0  
1  0  0  7  0  8  0  0  0  
7  0  0  0  0  6  0  0  0  
3  0  0  0  0  0  0  8  5  

Solucion 49
2  1  7  3  4  5  9  6  8  
9  8  3  0  1  0  4  7  2  
0  0  4  0  8  0  0  0  0  
0  6  0  9  0  0  0  1  0  
0  0  0  0  0  0  0  3  0  
0  9  0  6  0  3  0  0  0  
1  0  0  7  0  8  0  0  0  
7  0  0  0  0  6  0  0  0  
3  0  0  0  0  0  0  8  5  

Solucion 50
2  1  7  3  4  5  9  6  8  
9  8  5  0  1  0  4  7  2  
0  0  4  0  8  0  0  0  0  
0  6  0  9  0  0  0  1  0  
0  0  0  0  0  0  0  3  0  
0  9  0  6  0  3  0  0  0  
1  0  0  7  0  8  0  0  0  
7  0  0  0  0  6  0  0  0  
3  0  0  0  0  0  0  8  5  

Solucion 51
2  1  7  3  4  5  9  6  8  
9  8  6  0  1  0  4  7  2  
0  0  4  0  8  0  0  0  0  
0  6  0  9  0  0  0  1  0  
0  0  0  0  0  0  0  3  0  
0  9  0  6  0  3  0  0  0  
1  0  0  7  0  8  0  0  0  
7  0  0  0  0  6  0  0  0  
3  0  0  0  0  0  0  8  5  

Solucion 52
2  1  7  3  5  0  9  0  0  
0  0  0  0  1  0  4  7  2  
0  0  4  0  8  0  0  0  0  
0  6  0  9  0  0  0  1  0  
0  0  0  0  0  0  0  3  0  
0  9  0  6  0  3  0  0  0  
1  0  0  7  0  8  0  0  0  
7  0  0  0  0  6  0  0  0  
3  0  0  0  0  0  0  8  5  

Solucion 53
2  1  7  3  5  4  9  0  0  
0  0  0  0  1  0  4  7  2  
0  0  4  0  8  0  0  0  0  
0  6  0  9  0  0  0  1  0  
0  0  0  0  0  0  0  3  0  
0  9  0  6  0  3  0  0  0  
1  0  0  7  0  8  0  0  0  
7  0  0  0  0  6  0  0  0  
3  0  0  0  0  0  0  8  5  

Solucion 54
2  1  7  3  5  4  9  6  0  
0  0  0  0  1  0  4  7  2  
0  0  4  0  8  0  0  0  0  
0  6  0  9  0  0  0  1  0  
0  0  0  0  0  0  0  3  0  
0  9  0  6  0  3  0  0  0  
1  0  0  7  0  8  0  0  0  
7  0  0  0  0  6  0  0  0  
3  0  0  0  0  0  0  8  5  

Solucion 55
2  1  7  3  5  4  9  6  8  
0  0  0  0  1  0  4  7  2  
0  0  4  0  8  0  0  0  0  
0  6  0  9  0  0  0  1  0  
0  0  0  0  0  0  0  3  0  
0  9  0  6  0  3  0  0  0  
1  0  0  7  0  8  0  0  0  
7  0  0  0  0  6  0  0  0  
3  0  0  0  0  0  0  8  5  

Solucion 56
2  1  7  3  5  4  9  6  8  
5  0  0  0  1  0  4  7  2  
0  0  4  0  8  0  0  0  0  
0  6  0  9  0  0  0  1  0  
0  0  0  0  0  0  0  3  0  
0  9  0  6  0  3  0  0  0  
1  0  0  7  0  8  0  0  0  
7  0  0  0  0  6  0  0  0  
3  0  0  0  0  0  0  8  5  

Solucion 57
2  1  7  3  5  4  9  6  8  
5  3  0  0  1  0  4  7  2  
0  0  4  0  8  0  0  0  0  
0  6  0  9  0  0  0  1  0  
0  0  0  0  0  0  0  3  0  
0  9  0  6  0  3  0  0  0  
1  0  0  7  0  8  0  0  0  
7  0  0  0  0  6  0  0  0  
3  0  0  0  0  0  0  8  5  

Solucion 58
2  1  7  3  5  4  9  6  8  
5  3  6  0  1  0  4  7  2  
0  0  4  0  8  0  0  0  0  
0  6  0  9  0  0  0  1  0  
0  0  0  0  0  0  0  3  0  
0  9  0  6  0  3  0  0  0  
1  0  0  7  0  8  0  0  0  
7  0  0  0  0  6  0  0  0  
3  0  0  0  0  0  0  8  5  

Solucion 59
2  1  7  3  5  4  9  6  8  
5  3  8  0  1  0  4  7  2  
0  0  4  0  8  0  0  0  0  
0  6  0  9  0  0  0  1  0  
0  0  0  0  0  0  0  3  0  
0  9  0  6  0  3  0  0  0  
1  0  0  7  0  8  0  0  0  
7  0  0  0  0  6  0  0  0  
3  0  0  0  0  0  0  8  5  

Solucion 60
2  1  7  3  5  4  9  6  8  
5  3  9  0  1  0  4  7  2  
0  0  4  0  8  0  0  0  0  
0  6  0  9  0  0  0  1  0  
0  0  0  0  0  0  0  3  0  
0  9  0  6  0  3  0  0  0  
1  0  0  7  0  8  0  0  0  
7  0  0  0  0  6  0  0  0  
3  0  0  0  0  0  0  8  5  

Solucion 61
2  1  7  3  5  4  9  6  8  
5  8  0  0  1  0  4  7  2  
0  0  4  0  8  0  0  0  0  
0  6  0  9  0  0  0  1  0  
0  0  0  0  0  0  0  3  0  
0  9  0  6  0  3  0  0  0  
1  0  0  7  0  8  0  0  0  
7  0  0  0  0  6  0  0  0  
3  0  0  0  0  0  0  8  5  

Solucion 62
2  1  7  3  5  4  9  6  8  
5  8  3  0  1  0  4  7  2  
0  0  4  0  8  0  0  0  0  
0  6  0  9  0  0  0  1  0  
0  0  0  0  0  0  0  3  0  
0  9  0  6  0  3  0  0  0  
1  0  0  7  0  8  0  0  0  
7  0  0  0  0  6  0  0  0  
3  0  0  0  0  0  0  8  5  

Solucion 63
2  1  7  3  5  4  9  6  8  
5  8  6  0  1  0  4  7  2  
0  0  4  0  8  0  0  0  0  
0  6  0  9  0  0  0  1  0  
0  0  0  0  0  0  0  3  0  
0  9  0  6  0  3  0  0  0  
1  0  0  7  0  8  0  0  0  
7  0  0  0  0  6  0  0  0  
3  0  0  0  0  0  0  8  5  

Solucion 64
2  1  7  3  5  4  9  6  8  
5  8  9  0  1  0  4  7  2  
0  0  4  0  8  0  0  0  0  
0  6  0  9  0  0  0  1  0  
0  0  0  0  0  0  0  3  0  
0  9  0  6  0  3  0  0  0  
1  0  0  7  0  8  0  0  0  
7  0  0  0  0  6  0  0  0  
3  0  0  0  0  0  0  8  5  

Solucion 65
2  1  7  3  5  4  9  6  8  
6  0  0  0  1  0  4  7  2  
0  0  4  0  8  0  0  0  0  
0  6  0  9  0  0  0  1  0  
0  0  0  0  0  0  0  3  0  
0  9  0  6  0  3  0  0  0  
1  0  0  7  0  8  0  0  0  
7  0  0  0  0  6  0  0  0  
3  0  0  0  0  0  0  8  5  

Solucion 66
2  1  7  3  5  4  9  6  8  
6  3  0  0  1  0  4  7  2  
0  0  4  0  8  0  0  0  0  
0  6  0  9  0  0  0  1  0  
0  0  0  0  0  0  0  3  0  
0  9  0  6  0  3  0  0  0  
1  0  0  7  0  8  0  0  0  
7  0  0  0  0  6  0  0  0  
3  0  0  0  0  0  0  8  5  

Solucion 67
2  1  7  3  5  4  9  6  8  
6  3  5  0  1  0  4  7  2  
0  0  4  0  8  0  0  0  0  
0  6  0  9  0  0  0  1  0  
0  0  0  0  0  0  0  3  0  
0  9  0  6  0  3  0  0  0  
1  0  0  7  0  8  0  0  0  
7  0  0  0  0  6  0  0  0  
3  0  0  0  0  0  0  8  5  

Solucion 68
2  1  7  3  5  4  9  6  8  
6  3  8  0  1  0  4  7  2  
0  0  4  0  8  0  0  0  0  
0  6  0  9  0  0  0  1  0  
0  0  0  0  0  0  0  3  0  
0  9  0  6  0  3  0  0  0  
1  0  0  7  0  8  0  0  0  
7  0  0  0  0  6  0  0  0  
3  0  0  0  0  0  0  8  5  

Solucion 69
2  1  7  3  5  4  9  6  8  
6  3  9  0  1  0  4  7  2  
0  0  4  0  8  0  0  0  0  
0  6  0  9  0  0  0  1  0  
0  0  0  0  0  0  0  3  0  
0  9  0  6  0  3  0  0  0  
1  0  0  7  0  8  0  0  0  
7  0  0  0  0  6  0  0  0  
3  0  0  0  0  0  0  8  5  

Solucion 70
2  1  7  3  5  4  9  6  8  
6  5  0  0  1  0  4  7  2  
0  0  4  0  8  0  0  0  0  
0  6  0  9  0  0  0  1  0  
0  0  0  0  0  0  0  3  0  
0  9  0  6  0  3  0  0  0  
1  0  0  7  0  8  0  0  0  
7  0  0  0  0  6  0  0  0  
3  0  0  0  0  0  0  8  5  

Solucion 71
2  1  7  3  5  4  9  6  8  
6  5  3  0  1  0  4  7  2  
0  0  4  0  8  0  0  0  0  
0  6  0  9  0  0  0  1  0  
0  0  0  0  0  0  0  3  0  
0  9  0  6  0  3  0  0  0  
1  0  0  7  0  8  0  0  0  
7  0  0  0  0  6  0  0  0  
3  0  0  0  0  0  0  8  5  

Solucion 72
2  1  7  3  5  4  9  6  8  
6  5  8  0  1  0  4  7  2  
0  0  4  0  8  0  0  0  0  
0  6  0  9  0  0  0  1  0  
0  0  0  0  0  0  0  3  0  
0  9  0  6  0  3  0  0  0  
1  0  0  7  0  8  0  0  0  
7  0  0  0  0  6  0  0  0  
3  0  0  0  0  0  0  8  5  

Solucion 73
2  1  7  3  5  4  9  6  8  
6  5  9  0  1  0  4  7  2  
0  0  4  0  8  0  0  0  0  
0  6  0  9  0  0  0  1  0  
0  0  0  0  0  0  0  3  0  
0  9  0  6  0  3  0  0  0  
1  0  0  7  0  8  0  0  0  
7  0  0  0  0  6  0  0  0  
3  0  0  0  0  0  0  8  5  

Solucion 74
2  1  7  3  5  4  9  6  8  
6  8  0  0  1  0  4  7  2  
0  0  4  0  8  0  0  0  0  
0  6  0  9  0  0  0  1  0  
0  0  0  0  0  0  0  3  0  
0  9  0  6  0  3  0  0  0  
1  0  0  7  0  8  0  0  0  
7  0  0  0  0  6  0  0  0  
3  0  0  0  0  0  0  8  5  

Solucion 75
2  1  7  3  5  4  9  6  8  
6  8  3  0  1  0  4  7  2  
0  0  4  0  8  0  0  0  0  
0  6  0  9  0  0  0  1  0  
0  0  0  0  0  0  0  3  0  
0  9  0  6  0  3  0  0  0  
1  0  0  7  0  8  0  0  0  
7  0  0  0  0  6  0  0  0  
3  0  0  0  0  0  0  8  5  

Solucion 76
2  1  7  3  5  4  9  6  8  
6  8  5  0  1  0  4  7  2  
0  0  4  0  8  0  0  0  0  
0  6  0  9  0  0  0  1  0  
0  0  0  0  0  0  0  3  0  
0  9  0  6  0  3  0  0  0  
1  0  0  7  0  8  0  0  0  
7  0  0  0  0  6  0  0  0  
3  0  0  0  0  0  0  8  5  

Solucion 77
2  1  7  3  5  4  9  6  8  
6  8  9  0  1  0  4  7  2  
0  0  4  0  8  0  0  0  0  
0  6  0  9  0  0  0  1  0  
0  0  0  0  0  0  0  3  0  
0  9  0  6  0  3  0  0  0  
1  0  0  7  0  8  0  0  0  
7  0  0  0  0  6  0  0  0  
3  0  0  0  0  0  0  8  5  

Solucion 78
2  1  7  3  5  4  9  6  8  
8  0  0  0  1  0  4  7  2  
0  0  4  0  8  0  0  0  0  
0  6  0  9  0  0  0  1  0  
0  0  0  0  0  0  0  3  0  
0  9  0  6  0  3  0  0  0  
1  0  0  7  0  8  0  0  0  
7  0  0  0  0  6  0  0  0  
3  0  0  0  0  0  0  8  5  

Solucion 79
2  1  7  3  5  4  9  6  8  
8  3  0  0  1  0  4  7  2  
0  0  4  0  8  0  0  0  0  
0  6  0  9  0  0  0  1  0  
0  0  0  0  0  0  0  3  0  
0  9  0  6  0  3  0  0  0  
1  0  0  7  0  8  0  0  0  
7  0  0  0  0  6  0  0  0  
3  0  0  0  0  0  0  8  5  

Solucion 80
2  1  7  3  5  4  9  6  8  
8  3  5  0  1  0  4  7  2  
0  0  4  0  8  0  0  0  0  
0  6  0  9  0  0  0  1  0  
0  0  0  0  0  0  0  3  0  
0  9  0  6  0  3  0  0  0  
1  0  0  7  0  8  0  0  0  
7  0  0  0  0  6  0  0  0  
3  0  0  0  0  0  0  8  5  

Solucion 81
2  1  7  3  5  4  9  6  8  
8  3  6  0  1  0  4  7  2  
0  0  4  0  8  0  0  0  0  
0  6  0  9  0  0  0  1  0  
0  0  0  0  0  0  0  3  0  
0  9  0  6  0  3  0  0  0  
1  0  0  7  0  8  0  0  0  
7  0  0  0  0  6  0  0  0  
3  0  0  0  0  0  0  8  5  

Solucion 82
2  1  7  3  5  4  9  6  8  
8  3  9  0  1  0  4  7  2  
0  0  4  0  8  0  0  0  0  
0  6  0  9  0  0  0  1  0  
0  0  0  0  0  0  0  3  0  
0  9  0  6  0  3  0  0  0  
1  0  0  7  0  8  0  0  0  
7  0  0  0  0  6  0  0  0  
3  0  0  0  0  0  0  8  5  

Solucion 83
2  1  7  3  5  4  9  6  8  
8  5  0  0  1  0  4  7  2  
0  0  4  0  8  0  0  0  0  
0  6  0  9  0  0  0  1  0  
0  0  0  0  0  0  0  3  0  
0  9  0  6  0  3  0  0  0  
1  0  0  7  0  8  0  0  0  
7  0  0  0  0  6  0  0  0  
3  0  0  0  0  0  0  8  5  

Solucion 84
2  1  7  3  5  4  9  6  8  
8  5  3  0  1  0  4  7  2  
0  0  4  0  8  0  0  0  0  
0  6  0  9  0  0  0  1  0  
0  0  0  0  0  0  0  3  0  
0  9  0  6  0  3  0  0  0  
1  0  0  7  0  8  0  0  0  
7  0  0  0  0  6  0  0  0  
3  0  0  0  0  0  0  8  5  

Solucion 85
2  1  7  3  5  4  9  6  8  
8  5  6  0  1  0  4  7  2  
0  0  4  0  8  0  0  0  0  
0  6  0  9  0  0  0  1  0  
0  0  0  0  0  0  0  3  0  
0  9  0  6  0  3  0  0  0  
1  0  0  7  0  8  0  0  0  
7  0  0  0  0  6  0  0  0  
3  0  0  0  0  0  0  8  5  

Solucion 86
2  1  7  3  5  4  9  6  8  
8  5  9  0  1  0  4  7  2  
0  0  4  0  8  0  0  0  0  
0  6  0  9  0  0  0  1  0  
0  0  0  0  0  0  0  3  0  
0  9  0  6  0  3  0  0  0  
1  0  0  7  0  8  0  0  0  
7  0  0  0  0  6  0  0  0  
3  0  0  0  0  0  0  8  5  

Solucion 87
2  1  7  3  5  4  9  6  8  
9  0  0  0  1  0  4  7  2  
0  0  4  0  8  0  0  0  0  
0  6  0  9  0  0  0  1  0  
0  0  0  0  0  0  0  3  0  
0  9  0  6  0  3  0  0  0  
1  0  0  7  0  8  0  0  0  
7  0  0  0  0  6  0  0  0  
3  0  0  0  0  0  0  8  5  

Solucion 88
2  1  7  3  5  4  9  6  8  
9  3  0  0  1  0  4  7  2  
0  0  4  0  8  0  0  0  0  
0  6  0  9  0  0  0  1  0  
0  0  0  0  0  0  0  3  0  
0  9  0  6  0  3  0  0  0  
1  0  0  7  0  8  0  0  0  
7  0  0  0  0  6  0  0  0  
3  0  0  0  0  0  0  8  5  

Solucion 89
2  1  7  3  5  4  9  6  8  
9  3  5  0  1  0  4  7  2  
0  0  4  0  8  0  0  0  0  
0  6  0  9  0  0  0  1  0  
0  0  0  0  0  0  0  3  0  
0  9  0  6  0  3  0  0  0  
1  0  0  7  0  8  0  0  0  
7  0  0  0  0  6  0  0  0  
3  0  0  0  0  0  0  8  5  

Solucion 90
2  1  7  3  5  4  9  6  8  
9  3  6  0  1  0  4  7  2  
0  0  4  0  8  0  0  0  0  
0  6  0  9  0  0  0  1  0  
0  0  0  0  0  0  0  3  0  
0  9  0  6  0  3  0  0  0  
1  0  0  7  0  8  0  0  0  
7  0  0  0  0  6  0  0  0  
3  0  0  0  0  0  0  8  5  

Solucion 91
2  1  7  3  5  4  9  6  8  
9  3  8  0  1  0  4  7  2  
0  0  4  0  8  0  0  0  0  
0  6  0  9  0  0  0  1  0  
0  0  0  0  0  0  0  3  0  
0  9  0  6  0  3  0  0  0  
1  0  0  7  0  8  0  0  0  
7  0  0  0  0  6  0  0  0  
3  0  0  0  0  0  0  8  5  

Solucion 92
2  1  7  3  5  4  9  6  8  
9  5  0  0  1  0  4  7  2  
0  0  4  0  8  0  0  0  0  
0  6  0  9  0  0  0  1  0  
0  0  0  0  0  0  0  3  0  
0  9  0  6  0  3  0  0  0  
1  0  0  7  0  8  0  0  0  
7  0  0  0  0  6  0  0  0  
3  0  0  0  0  0  0  8  5  

Solucion 93
2  1  7  3  5  4  9  6  8  
9  5  3  0  1  0  4  7  2  
0  0  4  0  8  0  0  0  0  
0  6  0  9  0  0  0  1  0  
0  0  0  0  0  0  0  3  0  
0  9  0  6  0  3  0  0  0  
1  0  0  7  0  8  0  0  0  
7  0  0  0  0  6  0  0  0  
3  0  0  0  0  0  0  8  5  

Solucion 94
2  1  7  3  5  4  9  6  8  
9  5  6  0  1  0  4  7  2  
0  0  4  0  8  0  0  0  0  
0  6  0  9  0  0  0  1  0  
0  0  0  0  0  0  0  3  0  
0  9  0  6  0  3  0  0  0  
1  0  0  7  0  8  0  0  0  
7  0  0  0  0  6  0  0  0  
3  0  0  0  0  0  0  8  5  

Solucion 95
2  1  7  3  5  4  9  6  8  
9  5  8  0  1  0  4  7  2  
0  0  4  0  8  0  0  0  0  
0  6  0  9  0  0  0  1  0  
0  0  0  0  0  0  0  3  0  
0  9  0  6  0  3  0  0  0  
1  0  0  7  0  8  0  0  0  
7  0  0  0  0  6  0  0  0  
3  0  0  0  0  0  0  8  5  

Solucion 96
2  1  7  3  5  4  9  6  8  
9  8  0  0  1  0  4  7  2  
0  0  4  0  8  0  0  0  0  
0  6  0  9  0  0  0  1  0  
0  0  0  0  0  0  0  3  0  
0  9  0  6  0  3  0  0  0  
1  0  0  7  0  8  0  0  0  
7  0  0  0  0  6  0  0  0  
3  0  0  0  0  0  0  8  5  

Solucion 97
2  1  7  3  5  4  9  6  8  
9  8  3  0  1  0  4  7  2  
0  0  4  0  8  0  0  0  0  
0  6  0  9  0  0  0  1  0  
0  0  0  0  0  0  0  3  0  
0  9  0  6  0  3  0  0  0  
1  0  0  7  0  8  0  0  0  
7  0  0  0  0  6  0  0  0  
3  0  0  0  0  0  0  8  5  

Solucion 98
2  1  7  3  5  4  9  6  8  
9  8  5  0  1  0  4  7  2  
0  0  4  0  8  0  0  0  0  
0  6  0  9  0  0  0  1  0  
0  0  0  0  0  0  0  3  0  
0  9  0  6  0  3  0  0  0  
1  0  0  7  0  8  0  0  0  
7  0  0  0  0  6  0  0  0  
3  0  0  0  0  0  0  8  5  

Solucion 99
2  1  7  3  5  4  9  6  8  
9  8  6  0  1  0  4  7  2  
0  0  4  0  8  0  0  0  0  
0  6  0  9  0  0  0  1  0  
0  0  0  0  0  0  0  3  0  
0  9  0  6  0  3  0  0  0  
1  0  0  7  0  8  0  0  0  
7  0  0  0  0  6  0  0  0  
3  0  0  0  0  0  0  8  5  

Solucion 100
2  1  7  3  6  0  9  0  0  
0  0  0  0  1  0  4  7  2  
0  0  4  0  8  0  0  0  0  
0  6  0  9  0  0  0  1  0  
0  0  0  0  0  0  0  3  0  
0  9  0  6  0  3  0  0  0  
1  0  0  7  0  8  0  0  0  
7  0  0  0  0  6  0  0  0  
3  0  0  0  0  0  0  8  5  

Solucion 101
2  1  7  3  6  4  9  0  0  
0  0  0  0  1  0  4  7  2  
0  0  4  0  8  0  0  0  0  
0  6  0  9  0  0  0  1  0  
0  0  0  0  0  0  0  3  0  
0  9  0  6  0  3  0  0  0  
1  0  0  7  0  8  0  0  0  
7  0  0  0  0  6  0  0  0  
3  0  0  0  0  0  0  8  5  

Solucion 102
2  1  7  3  6  4  9  5  0  
0  0  0  0  1  0  4  7  2  
0  0  4  0  8  0  0  0  0  
0  6  0  9  0  0  0  1  0  
0  0  0  0  0  0  0  3  0  
0  9  0  6  0  3  0  0  0  
1  0  0  7  0  8  0  0  0  
7  0  0  0  0  6  0  0  0  
3  0  0  0  0  0  0  8  5  

Solucion 103
2  1  7  3  6  4  9  5  8  
0  0  0  0  1  0  4  7  2  
0  0  4  0  8  0  0  0  0  
0  6  0  9  0  0  0  1  0  
0  0  0  0  0  0  0  3  0  
0  9  0  6  0  3  0  0  0  
1  0  0  7  0  8  0  0  0  
7  0  0  0  0  6  0  0  0  
3  0  0  0  0  0  0  8  5  

Solucion 104
2  1  7  3  6  4  9  5  8  
5  0  0  0  1  0  4  7  2  
0  0  4  0  8  0  0  0  0  
0  6  0  9  0  0  0  1  0  
0  0  0  0  0  0  0  3  0  
0  9  0  6  0  3  0  0  0  
1  0  0  7  0  8  0  0  0  
7  0  0  0  0  6  0  0  0  
3  0  0  0  0  0  0  8  5  

Solucion 105
2  1  7  3  6  4  9  5  8  
5  3  0  0  1  0  4  7  2  
0  0  4  0  8  0  0  0  0  
0  6  0  9  0  0  0  1  0  
0  0  0  0  0  0  0  3  0  
0  9  0  6  0  3  0  0  0  
1  0  0  7  0  8  0  0  0  
7  0  0  0  0  6  0  0  0  
3  0  0  0  0  0  0  8  5  

Solucion 106
2  1  7  3  6  4  9  5  8  
5  3  6  0  1  0  4  7  2  
0  0  4  0  8  0  0  0  0  
0  6  0  9  0  0  0  1  0  
0  0  0  0  0  0  0  3  0  
0  9  0  6  0  3  0  0  0  
1  0  0  7  0  8  0  0  0  
7  0  0  0  0  6  0  0  0  
3  0  0  0  0  0  0  8  5  

Solucion 107
2  1  7  3  6  4  9  5  8  
5  3  8  0  1  0  4  7  2  
0  0  4  0  8  0  0  0  0  
0  6  0  9  0  0  0  1  0  
0  0  0  0  0  0  0  3  0  
0  9  0  6  0  3  0  0  0  
1  0  0  7  0  8  0  0  0  
7  0  0  0  0  6  0  0  0  
3  0  0  0  0  0  0  8  5  

Solucion 108
2  1  7  3  6  4  9  5  8  
5  3  9  0  1  0  4  7  2  
0  0  4  0  8  0  0  0  0  
0  6  0  9  0  0  0  1  0  
0  0  0  0  0  0  0  3  0  
0  9  0  6  0  3  0  0  0  
1  0  0  7  0  8  0  0  0  
7  0  0  0  0  6  0  0  0  
3  0  0  0  0  0  0  8  5  

Solucion 109
2  1  7  3  6  4  9  5  8  
5  8  0  0  1  0  4  7  2  
0  0  4  0  8  0  0  0  0  
0  6  0  9  0  0  0  1  0  
0  0  0  0  0  0  0  3  0  
0  9  0  6  0  3  0  0  0  
1  0  0  7  0  8  0  0  0  
7  0  0  0  0  6  0  0  0  
3  0  0  0  0  0  0  8  5  

Solucion 110
2  1  7  3  6  4  9  5  8  
5  8  3  0  1  0  4  7  2  
0  0  4  0  8  0  0  0  0  
0  6  0  9  0  0  0  1  0  
0  0  0  0  0  0  0  3  0  
0  9  0  6  0  3  0  0  0  
1  0  0  7  0  8  0  0  0  
7  0  0  0  0  6  0  0  0  
3  0  0  0  0  0  0  8  5  

Solucion 111
2  1  7  3  6  4  9  5  8  
5  8  6  0  1  0  4  7  2  
0  0  4  0  8  0  0  0  0  
0  6  0  9  0  0  0  1  0  
0  0  0  0  0  0  0  3  0  
0  9  0  6  0  3  0  0  0  
1  0  0  7  0  8  0  0  0  
7  0  0  0  0  6  0  0  0  
3  0  0  0  0  0  0  8  5  

Solucion 112
2  1  7  3  6  4  9  5  8  
5  8  9  0  1  0  4  7  2  
0  0  4  0  8  0  0  0  0  
0  6  0  9  0  0  0  1  0  
0  0  0  0  0  0  0  3  0  
0  9  0  6  0  3  0  0  0  
1  0  0  7  0  8  0  0  0  
7  0  0  0  0  6  0  0  0  
3  0  0  0  0  0  0  8  5  

Solucion 113
2  1  7  3  6  4  9  5  8  
6  0  0  0  1  0  4  7  2  
0  0  4  0  8  0  0  0  0  
0  6  0  9  0  0  0  1  0  
0  0  0  0  0  0  0  3  0  
0  9  0  6  0  3  0  0  0  
1  0  0  7  0  8  0  0  0  
7  0  0  0  0  6  0  0  0  
3  0  0  0  0  0  0  8  5  

Solucion 114
2  1  7  3  6  4  9  5  8  
6  3  0  0  1  0  4  7  2  
0  0  4  0  8  0  0  0  0  
0  6  0  9  0  0  0  1  0  
0  0  0  0  0  0  0  3  0  
0  9  0  6  0  3  0  0  0  
1  0  0  7  0  8  0  0  0  
7  0  0  0  0  6  0  0  0  
3  0  0  0  0  0  0  8  5  

Solucion 115
2  1  7  3  6  4  9  5  8  
6  3  5  0  1  0  4  7  2  
0  0  4  0  8  0  0  0  0  
0  6  0  9  0  0  0  1  0  
0  0  0  0  0  0  0  3  0  
0  9  0  6  0  3  0  0  0  
1  0  0  7  0  8  0  0  0  
7  0  0  0  0  6  0  0  0  
3  0  0  0  0  0  0  8  5  

Solucion 116
2  1  7  3  6  4  9  5  8  
6  3  8  0  1  0  4  7  2  
0  0  4  0  8  0  0  0  0  
0  6  0  9  0  0  0  1  0  
0  0  0  0  0  0  0  3  0  
0  9  0  6  0  3  0  0  0  
1  0  0  7  0  8  0  0  0  
7  0  0  0  0  6  0  0  0  
3  0  0  0  0  0  0  8  5  

Solucion 117
2  1  7  3  6  4  9  5  8  
6  3  8  5  1  0  4  7  2  
0  0  4  0  8  0  0  0  0  
0  6  0  9  0  0  0  1  0  
0  0  0  0  0  0  0  3  0  
0  9  0  6  0  3  0  0  0  
1  0  0  7  0  8  0  0  0  
7  0  0  0  0  6  0  0  0  
3  0  0  0  0  0  0  8  5  

Solucion 118
2  1  7  3  6  4  9  5  8  
6  3  8  5  1  9  4  7  2  
0  0  4  0  8  0  0  0  0  
0  6  0  9  0  0  0  1  0  
0  0  0  0  0  0  0  3  0  
0  9  0  6  0  3  0  0  0  
1  0  0  7  0  8  0  0  0  
7  0  0  0  0  6  0  0  0  
3  0  0  0  0  0  0  8  5  

Solucion 119
2  1  7  3  6  4  9  5  8  
6  3  8  5  1  9  4  7  2  
5  0  4  0  8  0  0  0  0  
0  6  0  9  0  0  0  1  0  
0  0  0  0  0  0  0  3  0  
0  9  0  6  0  3  0  0  0  
1  0  0  7  0  8  0  0  0  
7  0  0  0  0  6  0  0  0  
3  0  0  0  0  0  0  8  5  

Solucion 120
2  1  7  3  6  4  9  5  8  
6  3  8  5  1  9  4  7  2  
9  0  4  0  8  0  0  0  0  
0  6  0  9  0  0  0  1  0  
0  0  0  0  0  0  0  3  0  
0  9  0  6  0  3  0  0  0  
1  0  0  7  0  8  0  0  0  
7  0  0  0  0  6  0  0  0  
3  0  0  0  0  0  0  8  5  

Solucion 121
2  1  7  3  6  4  9  5  8  
6  3  8  5  1  9  4  7  2  
9  5  4  0  8  0  0  0  0  
0  6  0  9  0  0  0  1  0  
0  0  0  0  0  0  0  3  0  
0  9  0  6  0  3  0  0  0  
1  0  0  7  0  8  0  0  0  
7  0  0  0  0  6  0  0  0  
3  0  0  0  0  0  0  8  5  

Solucion 122
2  1  7  3  6  4  9  5  8  
6  3  8  5  1  9  4  7  2  
9  5  4  2  8  0  0  0  0  
0  6  0  9  0  0  0  1  0  
0  0  0  0  0  0  0  3  0  
0  9  0  6  0  3  0  0  0  
1  0  0  7  0  8  0  0  0  
7  0  0  0  0  6  0  0  0  
3  0  0  0  0  0  0  8  5  

Solucion 123
2  1  7  3  6  4  9  5  8  
6  3  8  5  1  9  4  7  2  
9  5  4  2  8  7  0  0  0  
0  6  0  9  0  0  0  1  0  
0  0  0  0  0  0  0  3  0  
0  9  0  6  0  3  0  0  0  
1  0  0  7  0  8  0  0  0  
7  0  0  0  0  6  0  0  0  
3  0  0  0  0  0  0  8  5  

Solucion 124
2  1  7  3  6  4  9  5  8  
6  3  8  5  1  9  4  7  2  
9  5  4  2  8  7  1  0  0  
0  6  0  9  0  0  0  1  0  
0  0  0  0  0  0  0  3  0  
0  9  0  6  0  3  0  0  0  
1  0  0  7  0  8  0  0  0  
7  0  0  0  0  6  0  0  0  
3  0  0  0  0  0  0  8  5  

Solucion 125
2  1  7  3  6  4  9  5  8  
6  3  8  5  1  9  4  7  2  
9  5  4  2  8  7  1  6  0  
0  6  0  9  0  0  0  1  0  
0  0  0  0  0  0  0  3  0  
0  9  0  6  0  3  0  0  0  
1  0  0  7  0  8  0  0  0  
7  0  0  0  0  6  0  0  0  
3  0  0  0  0  0  0  8  5  

Solucion 126
2  1  7  3  6  4  9  5  8  
6  3  8  5  1  9  4  7  2  
9  5  4  2  8  7  1  6  3  
0  6  0  9  0  0  0  1  0  
0  0  0  0  0  0  0  3  0  
0  9  0  6  0  3  0  0  0  
1  0  0  7  0  8  0  0  0  
7  0  0  0  0  6  0  0  0  
3  0  0  0  0  0  0  8  5  

Solucion 127
2  1  7  3  6  4  9  5  8  
6  3  8  5  1  9  4  7  2  
9  5  4  2  8  7  1  6  3  
4  6  0  9  0  0  0  1  0  
0  0  0  0  0  0  0  3  0  
0  9  0  6  0  3  0  0  0  
1  0  0  7  0  8  0  0  0  
7  0  0  0  0  6  0  0  0  
3  0  0  0  0  0  0  8  5  

Solucion 128
2  1  7  3  6  4  9  5  8  
6  3  8  5  1  9  4  7  2  
9  5  4  2  8  7  1  6  3  
4  6  2  9  0  0  0  1  0  
0  0  0  0  0  0  0  3  0  
0  9  0  6  0  3  0  0  0  
1  0  0  7  0  8  0  0  0  
7  0  0  0  0  6  0  0  0  
3  0  0  0  0  0  0  8  5  

Solucion 129
2  1  7  3  6  4  9  5  8  
6  3  8  5  1  9  4  7  2  
9  5  4  2  8  7  1  6  3  
4  6  2  9  5  0  0  1  0  
0  0  0  0  0  0  0  3  0  
0  9  0  6  0  3  0  0  0  
1  0  0  7  0  8  0  0  0  
7  0  0  0  0  6  0  0  0  
3  0  0  0  0  0  0  8  5  

Solucion 130
2  1  7  3  6  4  9  5  8  
6  3  8  5  1  9  4  7  2  
9  5  4  2  8  7  1  6  3  
4  6  2  9  7  0  0  1  0  
0  0  0  0  0  0  0  3  0  
0  9  0  6  0  3  0  0  0  
1  0  0  7  0  8  0  0  0  
7  0  0  0  0  6  0  0  0  
3  0  0  0  0  0  0  8  5  

Solucion 131
2  1  7  3  6  4  9  5  8  
6  3  8  5  1  9  4  7  2  
9  5  4  2  8  7  1  6  3  
4  6  2  9  7  5  0  1  0  
0  0  0  0  0  0  0  3  0  
0  9  0  6  0  3  0  0  0  
1  0  0  7  0  8  0  0  0  
7  0  0  0  0  6  0  0  0  
3  0  0  0  0  0  0  8  5  

Solucion 132
2  1  7  3  6  4  9  5  8  
6  3  8  5  1  9  4  7  2  
9  5  4  2  8  7  1  6  3  
4  6  2  9  7  5  8  1  0  
0  0  0  0  0  0  0  3  0  
0  9  0  6  0  3  0  0  0  
1  0  0  7  0  8  0  0  0  
7  0  0  0  0  6  0  0  0  
3  0  0  0  0  0  0  8  5  

Solucion 133
2  1  7  3  6  4  9  5  8  
6  3  8  5  1  9  4  7  2  
9  5  4  2  8  7  1  6  3  
4  6  3  9  0  0  0  1  0  
0  0  0  0  0  0  0  3  0  
0  9  0  6  0  3  0  0  0  
1  0  0  7  0  8  0  0  0  
7  0  0  0  0  6  0  0  0  
3  0  0  0  0  0  0  8  5  

Solucion 134
2  1  7  3  6  4  9  5  8  
6  3  8  5  1  9  4  7  2  
9  5  4  2  8  7  1  6  3  
4  6  3  9  2  0  0  1  0  
0  0  0  0  0  0  0  3  0  
0  9  0  6  0  3  0  0  0  
1  0  0  7  0  8  0  0  0  
7  0  0  0  0  6  0  0  0  
3  0  0  0  0  0  0  8  5  

Solucion 135
2  1  7  3  6  4  9  5  8  
6  3  8  5  1  9  4  7  2  
9  5  4  2  8  7  1  6  3  
4  6  3  9  2  5  0  1  0  
0  0  0  0  0  0  0  3  0  
0  9  0  6  0  3  0  0  0  
1  0  0  7  0  8  0  0  0  
7  0  0  0  0  6  0  0  0  
3  0  0  0  0  0  0  8  5  

Solucion 136
2  1  7  3  6  4  9  5  8  
6  3  8  5  1  9  4  7  2  
9  5  4  2  8  7  1  6  3  
4  6  3  9  2  5  7  1  0  
0  0  0  0  0  0  0  3  0  
0  9  0  6  0  3  0  0  0  
1  0  0  7  0  8  0  0  0  
7  0  0  0  0  6  0  0  0  
3  0  0  0  0  0  0  8  5  

Solucion 137
2  1  7  3  6  4  9  5  8  
6  3  8  5  1  9  4  7  2  
9  5  4  2  8  7  1  6  3  
4  6  3  9  2  5  8  1  0  
0  0  0  0  0  0  0  3  0  
0  9  0  6  0  3  0  0  0  
1  0  0  7  0  8  0  0  0  
7  0  0  0  0  6  0  0  0  
3  0  0  0  0  0  0  8  5  

Solucion 138
2  1  7  3  6  4  9  5  8  
6  3  8  5  1  9  4  7  2  
9  5  4  2  8  7  1  6  3  
4  6  3  9  2  5  8  1  7  
0  0  0  0  0  0  0  3  0  
0  9  0  6  0  3  0  0  0  
1  0  0  7  0  8  0  0  0  
7  0  0  0  0  6  0  0  0  
3  0  0  0  0  0  0  8  5  

Solucion 139
2  1  7  3  6  4  9  5  8  
6  3  8  5  1  9  4  7  2  
9  5  4  2  8  7  1  6  3  
4  6  3  9  2  5  8  1  7  
5  0  0  0  0  0  0  3  0  
0  9  0  6  0  3  0  0  0  
1  0  0  7  0  8  0  0  0  
7  0  0  0  0  6  0  0  0  
3  0  0  0  0  0  0  8  5  

Solucion 140
2  1  7  3  6  4  9  5  8  
6  3  8  5  1  9  4  7  2  
9  5  4  2  8  7  1  6  3  
4  6  3  9  2  5  8  1  7  
5  2  0  0  0  0  0  3  0  
0  9  0  6  0  3  0  0  0  
1  0  0  7  0  8  0  0  0  
7  0  0  0  0  6  0  0  0  
3  0  0  0  0  0  0  8  5  

Solucion 141
2  1  7  3  6  4  9  5  8  
6  3  8  5  1  9  4  7  2  
9  5  4  2  8  7  1  6  3  
4  6  3  9  2  5  8  1  7  
5  2  1  0  0  0  0  3  0  
0  9  0  6  0  3  0  0  0  
1  0  0  7  0  8  0  0  0  
7  0  0  0  0  6  0  0  0  
3  0  0  0  0  0  0  8  5  

Solucion 142
2  1  7  3  6  4  9  5  8  
6  3  8  5  1  9  4  7  2  
9  5  4  2  8  7  1  6  3  
4  6  3  9  2  5  8  1  7  
5  2  1  4  0  0  0  3  0  
0  9  0  6  0  3  0  0  0  
1  0  0  7  0  8  0  0  0  
7  0  0  0  0  6  0  0  0  
3  0  0  0  0  0  0  8  5  

Solucion 143
2  1  7  3  6  4  9  5  8  
6  3  8  5  1  9  4  7  2  
9  5  4  2  8  7  1  6  3  
4  6  3  9  2  5  8  1  7  
5  2  1  4  7  0  0  3  0  
0  9  0  6  0  3  0  0  0  
1  0  0  7  0  8  0  0  0  
7  0  0  0  0  6  0  0  0  
3  0  0  0  0  0  0  8  5  

Solucion 144
2  1  7  3  6  4  9  5  8  
6  3  8  5  1  9  4  7  2  
9  5  4  2  8  7  1  6  3  
4  6  3  9  2  5  8  1  7  
5  2  1  8  0  0  0  3  0  
0  9  0  6  0  3  0  0  0  
1  0  0  7  0  8  0  0  0  
7  0  0  0  0  6  0  0  0  
3  0  0  0  0  0  0  8  5  

Solucion 145
2  1  7  3  6  4  9  5  8  
6  3  8  5  1  9  4  7  2  
9  5  4  2  8  7  1  6  3  
4  6  3  9  2  5  8  1  7  
5  2  1  8  4  0  0  3  0  
0  9  0  6  0  3  0  0  0  
1  0  0  7  0  8  0  0  0  
7  0  0  0  0  6  0  0  0  
3  0  0  0  0  0  0  8  5  

Solucion 146
2  1  7  3  6  4  9  5  8  
6  3  8  5  1  9  4  7  2  
9  5  4  2  8  7  1  6  3  
4  6  3  9  2  5  8  1  7  
5  2  1  8  7  0  0  3  0  
0  9  0  6  0  3  0  0  0  
1  0  0  7  0  8  0  0  0  
7  0  0  0  0  6  0  0  0  
3  0  0  0  0  0  0  8  5  

Solucion 147
2  1  7  3  6  4  9  5  8  
6  3  8  5  1  9  4  7  2  
9  5  4  2  8  7  1  6  3  
4  6  3  9  2  5  8  1  7  
5  7  0  0  0  0  0  3  0  
0  9  0  6  0  3  0  0  0  
1  0  0  7  0  8  0  0  0  
7  0  0  0  0  6  0  0  0  
3  0  0  0  0  0  0  8  5  

Solucion 148
2  1  7  3  6  4  9  5  8  
6  3  8  5  1  9  4  7  2  
9  5  4  2  8  7  1  6  3  
4  6  3  9  2  5  8  1  7  
5  7  1  0  0  0  0  3  0  
0  9  0  6  0  3  0  0  0  
1  0  0  7  0  8  0  0  0  
7  0  0  0  0  6  0  0  0  
3  0  0  0  0  0  0  8  5  

Solucion 149
2  1  7  3  6  4  9  5  8  
6  3  8  5  1  9  4  7  2  
9  5  4  2  8  7  1  6  3  
4  6  3  9  2  5  8  1  7  
5  7  1  4  0  0  0  3  0  
0  9  0  6  0  3  0  0  0  
1  0  0  7  0  8  0  0  0  
7  0  0  0  0  6  0  0  0  
3  0  0  0  0  0  0  8  5  

Solucion 150
2  1  7  3  6  4  9  5  8  
6  3  8  5  1  9  4  7  2  
9  5  4  2  8  7  1  6  3  
4  6  3  9  2  5  8  1  7  
5  7  1  8  0  0  0  3  0  
0  9  0  6  0  3  0  0  0  
1  0  0  7  0  8  0  0  0  
7  0  0  0  0  6  0  0  0  
3  0  0  0  0  0  0  8  5  

Solucion 151
2  1  7  3  6  4  9  5  8  
6  3  8  5  1  9  4  7  2  
9  5  4  2  8  7  1  6  3  
4  6  3  9  2  5  8  1  7  
5  7  1  8  4  0  0  3  0  
0  9  0  6  0  3  0  0  0  
1  0  0  7  0  8  0  0  0  
7  0  0  0  0  6  0  0  0  
3  0  0  0  0  0  0  8  5  

Solucion 152
2  1  7  3  6  4  9  5  8  
6  3  8  5  1  9  4  7  2  
9  5  4  2  8  7  1  6  3  
4  6  3  9  2  5  8  1  7  
5  7  2  0  0  0  0  3  0  
0  9  0  6  0  3  0  0  0  
1  0  0  7  0  8  0  0  0  
7  0  0  0  0  6  0  0  0  
3  0  0  0  0  0  0  8  5  

Solucion 153
2  1  7  3  6  4  9  5  8  
6  3  8  5  1  9  4  7  2  
9  5  4  2  8  7  1  6  3  
4  6  3  9  2  5  8  1  7  
5  7  2  1  0  0  0  3  0  
0  9  0  6  0  3  0  0  0  
1  0  0  7  0  8  0  0  0  
7  0  0  0  0  6  0  0  0  
3  0  0  0  0  0  0  8  5  

Solucion 154
2  1  7  3  6  4  9  5  8  
6  3  8  5  1  9  4  7  2  
9  5  4  2  8  7  1  6  3  
4  6  3  9  2  5  8  1  7  
5  7  2  1  4  0  0  3  0  
0  9  0  6  0  3  0  0  0  
1  0  0  7  0  8  0  0  0  
7  0  0  0  0  6  0  0  0  
3  0  0  0  0  0  0  8  5  

Solucion 155
2  1  7  3  6  4  9  5  8  
6  3  8  5  1  9  4  7  2  
9  5  4  2  8  7  1  6  3  
4  6  3  9  2  5  8  1  7  
5  7  2  4  0  0  0  3  0  
0  9  0  6  0  3  0  0  0  
1  0  0  7  0  8  0  0  0  
7  0  0  0  0  6  0  0  0  
3  0  0  0  0  0  0  8  5  

Solucion 156
2  1  7  3  6  4  9  5  8  
6  3  8  5  1  9  4  7  2  
9  5  4  2  8  7  1  6  3  
4  6  3  9  2  5  8  1  7  
5  7  2  8  0  0  0  3  0  
0  9  0  6  0  3  0  0  0  
1  0  0  7  0  8  0  0  0  
7  0  0  0  0  6  0  0  0  
3  0  0  0  0  0  0  8  5  

Solucion 157
2  1  7  3  6  4  9  5  8  
6  3  8  5  1  9  4  7  2  
9  5  4  2  8  7  1  6  3  
4  6  3  9  2  5  8  1  7  
5  7  2  8  4  0  0  3  0  
0  9  0  6  0  3  0  0  0  
1  0  0  7  0  8  0  0  0  
7  0  0  0  0  6  0  0  0  
3  0  0  0  0  0  0  8  5  

Solucion 158
2  1  7  3  6  4  9  5  8  
6  3  8  5  1  9  4  7  2  
9  5  4  2  8  7  1  6  3  
4  6  3  9  2  5  8  1  7  
5  7  2  8  4  1  0  3  0  
0  9  0  6  0  3  0  0  0  
1  0  0  7  0  8  0  0  0  
7  0  0  0  0  6  0  0  0  
3  0  0  0  0  0  0  8  5  

Solucion 159
2  1  7  3  6  4  9  5  8  
6  3  8  5  1  9  4  7  2  
9  5  4  2  8  7  1  6  3  
4  6  3  9  2  5  8  1  7  
5  7  2  8  4  1  6  3  0  
0  9  0  6  0  3  0  0  0  
1  0  0  7  0  8  0  0  0  
7  0  0  0  0  6  0  0  0  
3  0  0  0  0  0  0  8  5  

Solucion 160
2  1  7  3  6  4  9  5  8  
6  3  8  5  1  9  4  7  2  
9  5  4  2  8  7  1  6  3  
4  6  3  9  2  5  8  1  7  
5  7  2  8  4  1  6  3  9  
0  9  0  6  0  3  0  0  0  
1  0  0  7  0  8  0  0  0  
7  0  0  0  0  6  0  0  0  
3  0  0  0  0  0  0  8  5  

Solucion 161
2  1  7  3  6  4  9  5  8  
6  3  8  5  1  9  4  7  2  
9  5  4  2  8  7  1  6  3  
4  6  3  9  2  5  8  1  7  
5  7  2  8  4  1  6  3  9  
8  9  0  6  0  3  0  0  0  
1  0  0  7  0  8  0  0  0  
7  0  0  0  0  6  0  0  0  
3  0  0  0  0  0  0  8  5  

Solucion 162
2  1  7  3  6  4  9  5  8  
6  3  8  5  1  9  4  7  2  
9  5  4  2  8  7  1  6  3  
4  6  3  9  2  5  8  1  7  
5  7  2  8  4  1  6  3  9  
8  9  1  6  0  3  0  0  0  
1  0  0  7  0  8  0  0  0  
7  0  0  0  0  6  0  0  0  
3  0  0  0  0  0  0  8  5  

Solucion 163
2  1  7  3  6  4  9  5  8  
6  3  8  5  1  9  4  7  2  
9  5  4  2  8  7  1  6  3  
4  6  3  9  2  5  8  1  7  
5  7  2  8  4  1  6  3  9  
8  9  1  6  7  3  0  0  0  
1  0  0  7  0  8  0  0  0  
7  0  0  0  0  6  0  0  0  
3  0  0  0  0  0  0  8  5  

Solucion 164
2  1  7  3  6  4  9  5  8  
6  3  8  5  1  9  4  7  2  
9  5  4  2  8  7  1  6  3  
4  6  3  9  2  5  8  1  7  
5  7  2  8  4  1  6  3  9  
8  9  1  6  7  3  2  0  0  
1  0  0  7  0  8  0  0  0  
7  0  0  0  0  6  0  0  0  
3  0  0  0  0  0  0  8  5  

Solucion 165
2  1  7  3  6  4  9  5  8  
6  3  8  5  1  9  4  7  2  
9  5  4  2  8  7  1  6  3  
4  6  3  9  2  5  8  1  7  
5  7  2  8  4  1  6  3  9  
8  9  1  6  7  3  2  4  0  
1  0  0  7  0  8  0  0  0  
7  0  0  0  0  6  0  0  0  
3  0  0  0  0  0  0  8  5  

Solucion 166
2  1  7  3  6  4  9  5  8  
6  3  8  5  1  9  4  7  2  
9  5  4  2  8  7  1  6  3  
4  6  3  9  2  5  8  1  7  
5  7  2  8  4  1  6  3  9  
8  9  1  6  7  3  5  0  0  
1  0  0  7  0  8  0  0  0  
7  0  0  0  0  6  0  0  0  
3  0  0  0  0  0  0  8  5  

Solucion 167
2  1  7  3  6  4  9  5  8  
6  3  8  5  1  9  4  7  2  
9  5  4  2  8  7  1  6  3  
4  6  3  9  2  5  8  1  7  
5  7  2  8  4  1  6  3  9  
8  9  1  6  7  3  5  2  0  
1  0  0  7  0  8  0  0  0  
7  0  0  0  0  6  0  0  0  
3  0  0  0  0  0  0  8  5  

Solucion 168
2  1  7  3  6  4  9  5  8  
6  3  8  5  1  9  4  7  2  
9  5  4  2  8  7  1  6  3  
4  6  3  9  2  5  8  1  7  
5  7  2  8  4  1  6  3  9  
8  9  1  6  7  3  5  2  4  
1  0  0  7  0  8  0  0  0  
7  0  0  0  0  6  0  0  0  
3  0  0  0  0  0  0  8  5  

Solucion 169
2  1  7  3  6  4  9  5  8  
6  3  8  5  1  9  4  7  2  
9  5  4  2  8  7  1  6  3  
4  6  3  9  2  5  8  1  7  
5  7  2  8  4  1  6  3  9  
8  9  1  6  7  3  5  2  4  
1  2  0  7  0  8  0  0  0  
7  0  0  0  0  6  0  0  0  
3  0  0  0  0  0  0  8  5  

Solucion 170
2  1  7  3  6  4  9  5  8  
6  3  8  5  1  9  4  7  2  
9  5  4  2  8  7  1  6  3  
4  6  3  9  2  5  8  1  7  
5  7  2  8  4  1  6  3  9  
8  9  1  6  7  3  5  2  4  
1  2  5  7  0  8  0  0  0  
7  0  0  0  0  6  0  0  0  
3  0  0  0  0  0  0  8  5  

Solucion 171
2  1  7  3  6  4  9  5  8  
6  3  8  5  1  9  4  7  2  
9  5  4  2  8  7  1  6  3  
4  6  3  9  2  5  8  1  7  
5  7  2  8  4  1  6  3  9  
8  9  1  6  7  3  5  2  4  
1  2  5  7  3  8  0  0  0  
7  0  0  0  0  6  0  0  0  
3  0  0  0  0  0  0  8  5  

Solucion 172
2  1  7  3  6  4  9  5  8  
6  3  8  5  1  9  4  7  2  
9  5  4  2  8  7  1  6  3  
4  6  3  9  2  5  8  1  7  
5  7  2  8  4  1  6  3  9  
8  9  1  6  7  3  5  2  4  
1  2  5  7  9  8  0  0  0  
7  0  0  0  0  6  0  0  0  
3  0  0  0  0  0  0  8  5  

Solucion 173
2  1  7  3  6  4  9  5  8  
6  3  8  5  1  9  4  7  2  
9  5  4  2  8  7  1  6  3  
4  6  3  9  2  5  8  1  7  
5  7  2  8  4  1  6  3  9  
8  9  1  6  7  3  5  2  4  
1  2  5  7  9  8  3  0  0  
7  0  0  0  0  6  0  0  0  
3  0  0  0  0  0  0  8  5  

Solucion 174
2  1  7  3  6  4  9  5  8  
6  3  8  5  1  9  4  7  2  
9  5  4  2  8  7  1  6  3  
4  6  3  9  2  5  8  1  7  
5  7  2  8  4  1  6  3  9  
8  9  1  6  7  3  5  2  4  
1  2  5  7  9  8  3  4  0  
7  0  0  0  0  6  0  0  0  
3  0  0  0  0  0  0  8  5  

Solucion 175
2  1  7  3  6  4  9  5  8  
6  3  8  5  1  9  4  7  2  
9  5  4  2  8  7  1  6  3  
4  6  3  9  2  5  8  1  7  
5  7  2  8  4  1  6  3  9  
8  9  1  6  7  3  5  2  4  
1  2  5  7  9  8  3  4  6  
7  0  0  0  0  6  0  0  0  
3  0  0  0  0  0  0  8  5  

Solucion 176
2  1  7  3  6  4  9  5  8  
6  3  8  5  1  9  4  7  2  
9  5  4  2  8  7  1  6  3  
4  6  3  9  2  5  8  1  7  
5  7  2  8  4  1  6  3  9  
8  9  1  6  7  3  5  2  4  
1  2  5  7  9  8  3  4  6  
7  4  0  0  0  6  0  0  0  
3  0  0  0  0  0  0  8  5  

Solucion 177
2  1  7  3  6  4  9  5  8  
6  3  8  5  1  9  4  7  2  
9  5  4  2  8  7  1  6  3  
4  6  3  9  2  5  8  1  7  
5  7  2  8  4  1  6  3  9  
8  9  1  6  7  3  5  2  4  
1  2  5  7  9  8  3  4  6  
7  4  9  0  0  6  0  0  0  
3  0  0  0  0  0  0  8  5  

Solucion 178
2  1  7  3  6  4  9  5  8  
6  3  8  5  1  9  4  7  2  
9  5  4  2  8  7  1  6  3  
4  6  3  9  2  5  8  1  7  
5  7  2  8  4  1  6  3  9  
8  9  1  6  7  3  5  2  4  
1  2  5  7  9  8  3  4  6  
7  4  9  1  0  6  0  0  0  
3  0  0  0  0  0  0  8  5  

Solucion 179
2  1  7  3  6  4  9  5  8  
6  3  8  5  1  9  4  7  2  
9  5  4  2  8  7  1  6  3  
4  6  3  9  2  5  8  1  7  
5  7  2  8  4  1  6  3  9  
8  9  1  6  7  3  5  2  4  
1  2  5  7  9  8  3  4  6  
7  4  9  1  3  6  0  0  0  
3  0  0  0  0  0  0  8  5  

Solucion 180
2  1  7  3  6  4  9  5  8  
6  3  8  5  1  9  4  7  2  
9  5  4  2  8  7  1  6  3  
4  6  3  9  2  5  8  1  7  
5  7  2  8  4  1  6  3  9  
8  9  1  6  7  3  5  2  4  
1  2  5  7  9  8  3  4  6  
7  4  9  1  3  6  2  0  0  
3  0  0  0  0  0  0  8  5  

Solucion 181
2  1  7  3  6  4  9  5  8  
6  3  8  5  1  9  4  7  2  
9  5  4  2  8  7  1  6  3  
4  6  3  9  2  5  8  1  7  
5  7  2  8  4  1  6  3  9  
8  9  1  6  7  3  5  2  4  
1  2  5  7  9  8  3  4  6  
7  4  9  1  5  6  0  0  0  
3  0  0  0  0  0  0  8  5  

Solucion 182
2  1  7  3  6  4  9  5  8  
6  3  8  5  1  9  4  7  2  
9  5  4  2  8  7  1  6  3  
4  6  3  9  2  5  8  1  7  
5  7  2  8  4  1  6  3  9  
8  9  1  6  7  3  5  2  4  
1  2  5  7  9  8  3  4  6  
7  4  9  1  5  6  2  0  0  
3  0  0  0  0  0  0  8  5  

Solucion 183
2  1  7  3  6  4  9  5  8  
6  3  8  5  1  9  4  7  2  
9  5  4  2  8  7  1  6  3  
4  6  3  9  2  5  8  1  7  
5  7  2  8  4  1  6  3  9  
8  9  1  6  7  3  5  2  4  
1  2  5  7  9  8  3  4  6  
7  8  0  0  0  6  0  0  0  
3  0  0  0  0  0  0  8  5  

Solucion 184
2  1  7  3  6  4  9  5  8  
6  3  8  5  1  9  4  7  2  
9  5  4  2  8  7  1  6  3  
4  6  3  9  2  5  8  1  7  
5  7  2  8  4  1  6  3  9  
8  9  1  6  7  3  5  2  4  
1  2  5  7  9  8  3  4  6  
7  8  9  0  0  6  0  0  0  
3  0  0  0  0  0  0  8  5  

Solucion 185
2  1  7  3  6  4  9  5  8  
6  3  8  5  1  9  4  7  2  
9  5  4  2  8  7  1  6  3  
4  6  3  9  2  5  8  1  7  
5  7  2  8  4  1  6  3  9  
8  9  1  6  7  3  5  2  4  
1  2  5  7  9  8  3  4  6  
7  8  9  1  0  6  0  0  0  
3  0  0  0  0  0  0  8  5  

Solucion 186
2  1  7  3  6  4  9  5  8  
6  3  8  5  1  9  4  7  2  
9  5  4  2  8  7  1  6  3  
4  6  3  9  2  5  8  1  7  
5  7  2  8  4  1  6  3  9  
8  9  1  6  7  3  5  2  4  
1  2  5  7  9  8  3  4  6  
7  8  9  1  3  6  0  0  0  
3  0  0  0  0  0  0  8  5  

Solucion 187
2  1  7  3  6  4  9  5  8  
6  3  8  5  1  9  4  7  2  
9  5  4  2  8  7  1  6  3  
4  6  3  9  2  5  8  1  7  
5  7  2  8  4  1  6  3  9  
8  9  1  6  7  3  5  2  4  
1  2  5  7  9  8  3  4  6  
7  8  9  1  3  6  2  0  0  
3  0  0  0  0  0  0  8  5  

Solucion 188
2  1  7  3  6  4  9  5  8  
6  3  8  5  1  9  4  7  2  
9  5  4  2  8  7  1  6  3  
4  6  3  9  2  5  8  1  7  
5  7  2  8  4  1  6  3  9  
8  9  1  6  7  3  5  2  4  
1  2  5  7  9  8  3  4  6  
7  8  9  1  5  6  0  0  0  
3  0  0  0  0  0  0  8  5  

Solucion 189
2  1  7  3  6  4  9  5  8  
6  3  8  5  1  9  4  7  2  
9  5  4  2  8  7  1  6  3  
4  6  3  9  2  5  8  1  7  
5  7  2  8  4  1  6  3  9  
8  9  1  6  7  3  5  2  4  
1  2  5  7  9  8  3  4  6  
7  8  9  1  5  6  2  0  0  
3  0  0  0  0  0  0  8  5  

Solucion 190
2  1  7  3  6  4  9  5  8  
6  3  8  5  1  9  4  7  2  
9  5  4  2  8  7  1  6  3  
4  6  3  9  2  5  8  1  7  
5  7  2  8  4  1  6  3  9  
8  9  1  6  7  3  5  2  4  
1  2  5  7  9  8  3  4  6  
7  8  9  4  0  6  0  0  0  
3  0  0  0  0  0  0  8  5  

Solucion 191
2  1  7  3  6  4  9  5  8  
6  3  8  5  1  9  4  7  2  
9  5  4  2  8  7  1  6  3  
4  6  3  9  2  5  8  1  7  
5  7  2  8  4  1  6  3  9  
8  9  1  6  7  3  5  2  4  
1  2  5  7  9  8  3  4  6  
7  8  9  4  3  6  0  0  0  
3  0  0  0  0  0  0  8  5  

Solucion 192
2  1  7  3  6  4  9  5  8  
6  3  8  5  1  9  4  7  2  
9  5  4  2  8  7  1  6  3  
4  6  3  9  2  5  8  1  7  
5  7  2  8  4  1  6  3  9  
8  9  1  6  7  3  5  2  4  
1  2  5  7  9  8  3  4  6  
7  8  9  4  3  6  2  0  0  
3  0  0  0  0  0  0  8  5  

Solucion 193
2  1  7  3  6  4  9  5  8  
6  3  8  5  1  9  4  7  2  
9  5  4  2  8  7  1  6  3  
4  6  3  9  2  5  8  1  7  
5  7  2  8  4  1  6  3  9  
8  9  1  6  7  3  5  2  4  
1  2  5  7  9  8  3  4  6  
7  8  9  4  5  6  0  0  0  
3  0  0  0  0  0  0  8  5  

Solucion 194
2  1  7  3  6  4  9  5  8  
6  3  8  5  1  9  4  7  2  
9  5  4  2  8  7  1  6  3  
4  6  3  9  2  5  8  1  7  
5  7  2  8  4  1  6  3  9  
8  9  1  6  7  3  5  2  4  
1  2  5  7  9  8  3  4  6  
7  8  9  4  5  6  2  0  0  
3  0  0  0  0  0  0  8  5  

Solucion 195
2  1  7  3  6  4  9  5  8  
6  3  8  5  1  9  4  7  2  
9  5  4  2  8  7  1  6  3  
4  6  3  9  2  5  8  1  7  
5  7  2  8  4  1  6  3  9  
8  9  1  6  7  3  5  2  4  
1  2  6  7  0  8  0  0  0  
7  0  0  0  0  6  0  0  0  
3  0  0  0  0  0  0  8  5  

Solucion 196
2  1  7  3  6  4  9  5  8  
6  3  8  5  1  9  4  7  2  
9  5  4  2  8  7  1  6  3  
4  6  3  9  2  5  8  1  7  
5  7  2  8  4  1  6  3  9  
8  9  1  6  7  3  5  2  4  
1  2  6  7  3  8  0  0  0  
7  0  0  0  0  6  0  0  0  
3  0  0  0  0  0  0  8  5  

Solucion 197
2  1  7  3  6  4  9  5  8  
6  3  8  5  1  9  4  7  2  
9  5  4  2  8  7  1  6  3  
4  6  3  9  2  5  8  1  7  
5  7  2  8  4  1  6  3  9  
8  9  1  6  7  3  5  2  4  
1  2  6  7  5  8  0  0  0  
7  0  0  0  0  6  0  0  0  
3  0  0  0  0  0  0  8  5  

Solucion 198
2  1  7  3  6  4  9  5  8  
6  3  8  5  1  9  4  7  2  
9  5  4  2  8  7  1  6  3  
4  6  3  9  2  5  8  1  7  
5  7  2  8  4  1  6  3  9  
8  9  1  6  7  3  5  2  4  
1  2  6  7  5  8  3  0  0  
7  0  0  0  0  6  0  0  0  
3  0  0  0  0  0  0  8  5  

Solucion 199
2  1  7  3  6  4  9  5  8  
6  3  8  5  1  9  4  7  2  
9  5  4  2  8  7  1  6  3  
4  6  3  9  2  5  8  1  7  
5  7  2  8  4  1  6  3  9  
8  9  1  6  7  3  5  2  4  
1  2  6  7  5  8  3  4  0  
7  0  0  0  0  6  0  0  0  
3  0  0  0  0  0  0  8  5  

Solucion 200
2  1  7  3  6  4  9  5  8  
6  3  8  5  1  9  4  7  2  
9  5  4  2  8  7  1  6  3  
4  6  3  9  2  5  8  1  7  
5  7  2  8  4  1  6  3  9  
8  9  1  6  7  3  5  2  4  
1  2  6  7  5  8  3  9  0  
7  0  0  0  0  6  0  0  0  
3  0  0  0  0  0  0  8  5  

Solucion 201
2  1  7  3  6  4  9  5  8  
6  3  8  5  1  9  4  7  2  
9  5  4  2  8  7  1  6  3  
4  6  3  9  2  5  8  1  7  
5  7  2  8  4  1  6  3  9  
8  9  1  6  7  3  5  2  4  
1  2  6  7  9  8  0  0  0  
7  0  0  0  0  6  0  0  0  
3  0  0  0  0  0  0  8  5  

Solucion 202
2  1  7  3  6  4  9  5  8  
6  3  8  5  1  9  4  7  2  
9  5  4  2  8  7  1  6  3  
4  6  3  9  2  5  8  1  7  
5  7  2  8  4  1  6  3  9  
8  9  1  6  7  3  5  2  4  
1  2  6  7  9  8  3  0  0  
7  0  0  0  0  6  0  0  0  
3  0  0  0  0  0  0  8  5  

Solucion 203
2  1  7  3  6  4  9  5  8  
6  3  8  5  1  9  4  7  2  
9  5  4  2  8  7  1  6  3  
4  6  3  9  2  5  8  1  7  
5  7  2  8  4  1  6  3  9  
8  9  1  6  7  3  5  2  4  
1  2  6  7  9  8  3  4  0  
7  0  0  0  0  6  0  0  0  
3  0  0  0  0  0  0  8  5  

Solucion 204
2  1  7  3  6  4  9  5  8  
6  3  8  5  1  9  4  7  2  
9  5  4  2  8  7  1  6  3  
4  6  3  9  2  5  8  1  7  
5  7  2  8  4  1  6  3  9  
8  9  1  6  7  3  5  2  4  
1  2  9  7  0  8  0  0  0  
7  0  0  0  0  6  0  0  0  
3  0  0  0  0  0  0  8  5  

Solucion 205
2  1  7  3  6  4  9  5  8  
6  3  8  5  1  9  4  7  2  
9  5  4  2  8  7  1  6  3  
4  6  3  9  2  5  8  1  7  
5  7  2  8  4  1  6  3  9  
8  9  1  6  7  3  5  2  4  
1  2  9  7  3  8  0  0  0  
7  0  0  0  0  6  0  0  0  
3  0  0  0  0  0  0  8  5  

Solucion 206
2  1  7  3  6  4  9  5  8  
6  3  8  5  1  9  4  7  2  
9  5  4  2  8  7  1  6  3  
4  6  3  9  2  5  8  1  7  
5  7  2  8  4  1  6  3  9  
8  9  1  6  7  3  5  2  4  
1  2  9  7  5  8  0  0  0  
7  0  0  0  0  6  0  0  0  
3  0  0  0  0  0  0  8  5  

Solucion 207
2  1  7  3  6  4  9  5  8  
6  3  8  5  1  9  4  7  2  
9  5  4  2  8  7  1  6  3  
4  6  3  9  2  5  8  1  7  
5  7  2  8  4  1  6  3  9  
8  9  1  6  7  3  5  2  4  
1  2  9  7  5  8  3  0  0  
7  0  0  0  0  6  0  0  0  
3  0  0  0  0  0  0  8  5  

Solucion 208
2  1  7  3  6  4  9  5  8  
6  3  8  5  1  9  4  7  2  
9  5  4  2  8  7  1  6  3  
4  6  3  9  2  5  8  1  7  
5  7  2  8  4  1  6  3  9  
8  9  1  6  7  3  5  2  4  
1  2  9  7  5  8  3  4  0  
7  0  0  0  0  6  0  0  0  
3  0  0  0  0  0  0  8  5  

Solucion 209
2  1  7  3  6  4  9  5  8  
6  3  8  5  1  9  4  7  2  
9  5  4  2  8  7  1  6  3  
4  6  3  9  2  5  8  1  7  
5  7  2  8  4  1  6  3  9  
8  9  1  6  7  3  5  2  4  
1  2  9  7  5  8  3  4  6  
7  0  0  0  0  6  0  0  0  
3  0  0  0  0  0  0  8  5  

Solucion 210
2  1  7  3  6  4  9  5  8  
6  3  8  5  1  9  4  7  2  
9  5  4  2  8  7  1  6  3  
4  6  3  9  2  5  8  1  7  
5  7  2  8  4  1  6  3  9  
8  9  1  6  7  3  5  2  4  
1  2  9  7  5  8  3  4  6  
7  4  0  0  0  6  0  0  0  
3  0  0  0  0  0  0  8  5  

Solucion 211
2  1  7  3  6  4  9  5  8  
6  3  8  5  1  9  4  7  2  
9  5  4  2  8  7  1  6  3  
4  6  3  9  2  5  8  1  7  
5  7  2  8  4  1  6  3  9  
8  9  1  6  7  3  5  2  4  
1  2  9  7  5  8  3  4  6  
7  4  5  0  0  6  0  0  0  
3  0  0  0  0  0  0  8  5  

Solucion 212
2  1  7  3  6  4  9  5  8  
6  3  8  5  1  9  4  7  2  
9  5  4  2  8  7  1  6  3  
4  6  3  9  2  5  8  1  7  
5  7  2  8  4  1  6  3  9  
8  9  1  6  7  3  5  2  4  
1  2  9  7  5  8  3  4  6  
7  4  5  1  0  6  0  0  0  
3  0  0  0  0  0  0  8  5  

Solucion 213
2  1  7  3  6  4  9  5  8  
6  3  8  5  1  9  4  7  2  
9  5  4  2  8  7  1  6  3  
4  6  3  9  2  5  8  1  7  
5  7  2  8  4  1  6  3  9  
8  9  1  6  7  3  5  2  4  
1  2  9  7  5  8  3  4  6  
7  4  5  1  3  6  0  0  0  
3  0  0  0  0  0  0  8  5  

Solucion 214
2  1  7  3  6  4  9  5  8  
6  3  8  5  1  9  4  7  2  
9  5  4  2  8  7  1  6  3  
4  6  3  9  2  5  8  1  7  
5  7  2  8  4  1  6  3  9  
8  9  1  6  7  3  5  2  4  
1  2  9  7  5  8  3  4  6  
7  4  5  1  3  6  2  0  0  
3  0  0  0  0  0  0  8  5  

Solucion 215
2  1  7  3  6  4  9  5  8  
6  3  8  5  1  9  4  7  2  
9  5  4  2  8  7  1  6  3  
4  6  3  9  2  5  8  1  7  
5  7  2  8  4  1  6  3  9  
8  9  1  6  7  3  5  2  4  
1  2  9  7  5  8  3  4  6  
7  4  5  1  3  6  2  9  0  
3  0  0  0  0  0  0  8  5  

Solucion 216
2  1  7  3  6  4  9  5  8  
6  3  8  5  1  9  4  7  2  
9  5  4  2  8  7  1  6  3  
4  6  3  9  2  5  8  1  7  
5  7  2  8  4  1  6  3  9  
8  9  1  6  7  3  5  2  4  
1  2  9  7  5  8  3  4  6  
7  4  5  1  9  6  0  0  0  
3  0  0  0  0  0  0  8  5  

Solucion 217
2  1  7  3  6  4  9  5  8  
6  3  8  5  1  9  4  7  2  
9  5  4  2  8  7  1  6  3  
4  6  3  9  2  5  8  1  7  
5  7  2  8  4  1  6  3  9  
8  9  1  6  7  3  5  2  4  
1  2  9  7  5  8  3  4  6  
7  4  5  1  9  6  2  0  0  
3  0  0  0  0  0  0  8  5  

Solucion 218
2  1  7  3  6  4  9  5  8  
6  3  8  5  1  9  4  7  2  
9  5  4  2  8  7  1  6  3  
4  6  3  9  2  5  8  1  7  
5  7  2  8  4  1  6  3  9  
8  9  1  6  7  3  5  2  4  
1  2  9  7  5  8  3  4  6  
7  8  0  0  0  6  0  0  0  
3  0  0  0  0  0  0  8  5  

Solucion 219
2  1  7  3  6  4  9  5  8  
6  3  8  5  1  9  4  7  2  
9  5  4  2  8  7  1  6  3  
4  6  3  9  2  5  8  1  7  
5  7  2  8  4  1  6  3  9  
8  9  1  6  7  3  5  2  4  
1  2  9  7  5  8  3  4  6  
7  8  5  0  0  6  0  0  0  
3  0  0  0  0  0  0  8  5  

Solucion 220
2  1  7  3  6  4  9  5  8  
6  3  8  5  1  9  4  7  2  
9  5  4  2  8  7  1  6  3  
4  6  3  9  2  5  8  1  7  
5  7  2  8  4  1  6  3  9  
8  9  1  6  7  3  5  2  4  
1  2  9  7  5  8  3  4  6  
7  8  5  1  0  6  0  0  0  
3  0  0  0  0  0  0  8  5  

Solucion 221
2  1  7  3  6  4  9  5  8  
6  3  8  5  1  9  4  7  2  
9  5  4  2  8  7  1  6  3  
4  6  3  9  2  5  8  1  7  
5  7  2  8  4  1  6  3  9  
8  9  1  6  7  3  5  2  4  
1  2  9  7  5  8  3  4  6  
7  8  5  1  3  6  0  0  0  
3  0  0  0  0  0  0  8  5  

Solucion 222
2  1  7  3  6  4  9  5  8  
6  3  8  5  1  9  4  7  2  
9  5  4  2  8  7  1  6  3  
4  6  3  9  2  5  8  1  7  
5  7  2  8  4  1  6  3  9  
8  9  1  6  7  3  5  2  4  
1  2  9  7  5  8  3  4  6  
7  8  5  1  3  6  2  0  0  
3  0  0  0  0  0  0  8  5  

Solucion 223
2  1  7  3  6  4  9  5  8  
6  3  8  5  1  9  4  7  2  
9  5  4  2  8  7  1  6  3  
4  6  3  9  2  5  8  1  7  
5  7  2  8  4  1  6  3  9  
8  9  1  6  7  3  5  2  4  
1  2  9  7  5  8  3  4  6  
7  8  5  1  3  6  2  9  0  
3  0  0  0  0  0  0  8  5  

Solucion 224
2  1  7  3  6  4  9  5  8  
6  3  8  5  1  9  4  7  2  
9  5  4  2  8  7  1  6  3  
4  6  3  9  2  5  8  1  7  
5  7  2  8  4  1  6  3  9  
8  9  1  6  7  3  5  2  4  
1  2  9  7  5  8  3  4  6  
7  8  5  1  9  6  0  0  0  
3  0  0  0  0  0  0  8  5  

Solucion 225
2  1  7  3  6  4  9  5  8  
6  3  8  5  1  9  4  7  2  
9  5  4  2  8  7  1  6  3  
4  6  3  9  2  5  8  1  7  
5  7  2  8  4  1  6  3  9  
8  9  1  6  7  3  5  2  4  
1  2  9  7  5  8  3  4  6  
7  8  5  1  9  6  2  0  0  
3  0  0  0  0  0  0  8  5  

Solucion 226
2  1  7  3  6  4  9  5  8  
6  3  8  5  1  9  4  7  2  
9  5  4  2  8  7  1  6  3  
4  6  3  9  2  5  8  1  7  
5  7  2  8  4  1  6  3  9  
8  9  1  6  7  3  5  2  4  
1  2  9  7  5  8  3  4  6  
7  8  5  4  0  6  0  0  0  
3  0  0  0  0  0  0  8  5  

Solucion 227
2  1  7  3  6  4  9  5  8  
6  3  8  5  1  9  4  7  2  
9  5  4  2  8  7  1  6  3  
4  6  3  9  2  5  8  1  7  
5  7  2  8  4  1  6  3  9  
8  9  1  6  7  3  5  2  4  
1  2  9  7  5  8  3  4  6  
7  8  5  4  3  6  0  0  0  
3  0  0  0  0  0  0  8  5  

Solucion 228
2  1  7  3  6  4  9  5  8  
6  3  8  5  1  9  4  7  2  
9  5  4  2  8  7  1  6  3  
4  6  3  9  2  5  8  1  7  
5  7  2  8  4  1  6  3  9  
8  9  1  6  7  3  5  2  4  
1  2  9  7  5  8  3  4  6  
7  8  5  4  3  6  2  0  0  
3  0  0  0  0  0  0  8  5  

Solucion 229
2  1  7  3  6  4  9  5  8  
6  3  8  5  1  9  4  7  2  
9  5  4  2  8  7  1  6  3  
4  6  3  9  2  5  8  1  7  
5  7  2  8  4  1  6  3  9  
8  9  1  6  7  3  5  2  4  
1  2  9  7  5  8  3  4  6  
7  8  5  4  3  6  2  9  0  
3  0  0  0  0  0  0  8  5  

Solucion 230
2  1  7  3  6  4  9  5  8  
6  3  8  5  1  9  4  7  2  
9  5  4  2  8  7  1  6  3  
4  6  3  9  2  5  8  1  7  
5  7  2  8  4  1  6  3  9  
8  9  1  6  7  3  5  2  4  
1  2  9  7  5  8  3  4  6  
7  8  5  4  3  6  2  9  1  
3  0  0  0  0  0  0  8  5  

Solucion 231
2  1  7  3  6  4  9  5  8  
6  3  8  5  1  9  4  7  2  
9  5  4  2  8  7  1  6  3  
4  6  3  9  2  5  8  1  7  
5  7  2  8  4  1  6  3  9  
8  9  1  6  7  3  5  2  4  
1  2  9  7  5  8  3  4  6  
7  8  5  4  3  6  2  9  1  
3  4  0  0  0  0  0  8  5  

Solucion 232
2  1  7  3  6  4  9  5  8  
6  3  8  5  1  9  4  7  2  
9  5  4  2  8  7  1  6  3  
4  6  3  9  2  5  8  1  7  
5  7  2  8  4  1  6  3  9  
8  9  1  6  7  3  5  2  4  
1  2  9  7  5  8  3  4  6  
7  8  5  4  3  6  2  9  1  
3  4  6  0  0  0  0  8  5  

Solucion 233
2  1  7  3  6  4  9  5  8  
6  3  8  5  1  9  4  7  2  
9  5  4  2  8  7  1  6  3  
4  6  3  9  2  5  8  1  7  
5  7  2  8  4  1  6  3  9  
8  9  1  6  7  3  5  2  4  
1  2  9  7  5  8  3  4  6  
7  8  5  4  3  6  2  9  1  
3  4  6  1  0  0  0  8  5  

Solucion 234
2  1  7  3  6  4  9  5  8  
6  3  8  5  1  9  4  7  2  
9  5  4  2  8  7  1  6  3  
4  6  3  9  2  5  8  1  7  
5  7  2  8  4  1  6  3  9  
8  9  1  6  7  3  5  2  4  
1  2  9  7  5  8  3  4  6  
7  8  5  4  3  6  2  9  1  
3  4  6  1  9  0  0  8  5  

Solucion 235
2  1  7  3  6  4  9  5  8  
6  3  8  5  1  9  4  7  2  
9  5  4  2  8  7  1  6  3  
4  6  3  9  2  5  8  1  7  
5  7  2  8  4  1  6  3  9  
8  9  1  6  7  3  5  2  4  
1  2  9  7  5  8  3  4  6  
7  8  5  4  3  6  2  9  1  
3  4  6  1  9  2  0  8  5  

Solucion 236
2  1  7  3  6  4  9  5  8  
6  3  8  5  1  9  4  7  2  
9  5  4  2  8  7  1  6  3  
4  6  3  9  2  5  8  1  7  
5  7  2  8  4  1  6  3  9  
8  9  1  6  7  3  5  2  4  
1  2  9  7  5  8  3  4  6  
7  8  5  4  3  6  2  9  1  
3  4  6  1  9  2  7  8  5  

